1.010101010101010083e-01 6.622127490653991935e-08
3.030303030303030387e-01 3.208795468763632559e-07
5.050505050505050830e-01 8.456935718571034092e-07
7.070707070707070718e-01 1.779329605118528691e-06
9.090909090909091717e-01 3.283876744784205485e-06
1.111111111111111160e+00 5.535023411885342401e-06
1.313131313131313149e+00 8.708643991407682839e-06
1.515151515151515138e+00 1.296496870381089856e-05
1.717171717171717127e+00 1.843191197054706352e-05
1.919191919191919116e+00 2.518933036084955242e-05
2.121212121212121104e+00 3.325594583205897443e-05
2.323232323232323537e+00 4.258041438405758751e-05
2.525252525252525082e+00 5.303758658305216488e-05
2.727272727272727515e+00 6.443045886247886168e-05
2.929292929292929060e+00 7.649772784001714781e-05
3.131313131313131493e+00 8.892630775143521148e-05
3.333333333333333037e+00 1.013677160108292338e-04
3.535353535353535470e+00 1.134569181495909216e-04
3.737373737373737015e+00 1.248320734594013902e-04
3.939393939393939448e+00 1.351536372009512900e-04
4.141414141414141881e+00 1.441214358644034733e-04
4.343434343434343425e+00 1.514886061869575337e-04
4.545454545454544970e+00 1.570716357479391028e-04
4.747474747474747403e+00 1.607561200303788014e-04
4.949494949494949836e+00 1.624982179028593729e-04
5.151515151515151381e+00 1.623221115277160805e-04
5.353535353535352925e+00 1.603140341212448076e-04
5.555555555555555358e+00 1.566136064636293153e-04
5.757575757575757791e+00 1.514033171526022088e-04
5.959595959595959336e+00 1.448969973435955579e-04
6.161616161616160880e+00 1.373280895336964939e-04
6.363636363636363313e+00 1.289384072895249326e-04
6.565656565656565746e+00 1.199679459146420907e-04
6.767676767676768179e+00 1.106461498956235395e-04
6.969696969696969724e+00 1.011848867745483629e-04
7.171717171717171269e+00 9.177323127169366706e-05
7.373737373737373701e+00 8.257403707790194583e-05
7.575757575757576134e+00 7.372217236142512365e-05
7.777777777777777679e+00 6.532422111228913635e-05
7.979797979797980112e+00 5.745940570907707176e-05
8.181818181818181657e+00 5.018146420495126533e-05
8.383838383838384090e+00 4.352121505987922596e-05
8.585858585858584746e+00 3.748955789708323985e-05
8.787878787878788955e+00 3.208068661675323157e-05
8.989898989898989612e+00 2.727532635380241355e-05
9.191919191919190268e+00 2.304384433119106639e-05
9.393939393939394478e+00 1.934912335058668991e-05
9.595959595959595134e+00 1.614912297409460575e-05
9.797979797979799343e+00 1.339908565657450838e-05
1.000000000000000000e+01 1.105337216862466453e-05
1.020202020202020066e+01 9.066932188829551713e-06
1.040404040404040487e+01 7.396432000030190862e-06
1.060606060606060552e+01 6.001072204936171720e-06
1.080808080808080796e+01 4.843134914113452092e-06
1.101010101010101039e+01 3.888302707879176447e-06
1.121212121212121104e+01 3.105791622129207121e-06
1.141414141414141525e+01 2.468338217436390292e-06
1.161616161616161591e+01 1.952077149307601208e-06
1.181818181818181657e+01 1.536341155198388152e-06
1.202020202020202078e+01 1.203410490575580201e-06
1.222222222222222143e+01 9.382339513847863057e-07
1.242424242424242387e+01 7.281389802075709424e-07
1.262626262626262630e+01 5.625441442923362206e-07
1.282828282828282696e+01 4.326835962881600813e-07
1.303030303030303116e+01 3.313500240768872388e-07
1.323232323232323182e+01 2.526600611792189336e-07
1.343434343434343425e+01 1.918441293002544643e-07
1.363636363636363669e+01 1.450611654971790056e-07
1.383838383838383734e+01 1.092375835587695014e-07
1.404040404040404155e+01 8.192906443701972647e-08
1.424242424242424221e+01 6.120329758782522264e-08
1.444444444444444287e+01 4.554154253515980148e-08
1.464646464646464707e+01 3.375679359499013381e-08
1.484848484848484773e+01 2.492636417886960305e-08
1.505050505050505016e+01 1.833682224850807167e-08
1.525252525252525260e+01 1.343937482007702091e-08
1.545454545454545325e+01 9.813993387210984319e-09
1.565656565656565746e+01 7.140776247728355935e-09
1.585858585858585812e+01 5.177245538091711356e-09
1.606060606060606233e+01 3.740467953628884543e-09
1.626262626262626299e+01 2.693063525086233672e-09
1.646464646464646364e+01 1.932323731056999999e-09
1.666666666666666430e+01 1.381797724710250443e-09
1.686868686868686851e+01 9.848238517052025413e-10
1.707070707070707272e+01 6.995840520908383018e-10
1.727272727272727337e+01 4.953427699927228803e-10
1.747474747474747403e+01 3.496014748104718463e-10
1.767676767676767469e+01 2.459567232001524257e-10
1.787878787878787890e+01 1.724957046661999696e-10
1.808080808080807955e+01 1.206001293375995426e-10
1.828282828282828376e+01 8.405867922680669271e-11
1.848484848484848442e+01 5.841141149396116699e-11
1.868686868686868507e+01 4.046764264030045886e-11
1.888888888888888928e+01 2.795294489814167558e-11
1.909090909090908994e+01 1.925177443641060496e-11
1.929292929292929415e+01 1.322060312251144229e-11
1.949494949494949481e+01 9.052792334633042461e-12
1.969696969696969546e+01 6.181271636689485088e-12
1.989898989898989967e+01 4.208719674805446229e-12
