1.010101010101010083e-01 1.485796260901209349e-07
3.030303030303030387e-01 5.668309049935968558e-07
5.050505050505050830e-01 1.151500504435401864e-06
7.070707070707070718e-01 1.860989540972239679e-06
9.090909090909091717e-01 2.634863186940774124e-06
1.111111111111111160e+00 3.404853235932903540e-06
1.313131313131313149e+00 4.105580485374012864e-06
1.515151515151515138e+00 4.683109574612307731e-06
1.717171717171717127e+00 5.100320718220530200e-06
1.919191919191919116e+00 5.338913967944594399e-06
2.121212121212121104e+00 5.398493254373202241e-06
2.323232323232323537e+00 5.293546059413711764e-06
2.525252525252525082e+00 5.049252176526881001e-06
2.727272727272727515e+00 4.696979594187868915e-06
2.929292929292929060e+00 4.270132543447548481e-06
3.131313131313131493e+00 3.800777703318427429e-06
3.333333333333333037e+00 3.317244565694609328e-06
3.535353535353535470e+00 2.842709301478629600e-06
3.737373737373737015e+00 2.394642946824427385e-06
3.939393939393939448e+00 1.984934234817349240e-06
4.141414141414141881e+00 1.620475487232050079e-06
4.343434343434343425e+00 1.304012975243109130e-06
4.545454545454544970e+00 1.035097010053749115e-06
4.747474747474747403e+00 8.110097280102041796e-07
4.949494949494949836e+00 6.275912371440373281e-07
5.151515151515151381e+00 4.799219433554353859e-07
5.353535353535352925e+00 3.628477827097628385e-07
5.555555555555555358e+00 2.713551986788407521e-07
5.757575757575757791e+00 2.008148452453127411e-07
5.959595959595959336e+00 1.471187114521364390e-07
6.161616161616160880e+00 1.067364119803784116e-07
6.363636363636363313e+00 7.671442642873995844e-08
6.565656565656565746e+00 5.463846859102167223e-08
6.767676767676768179e+00 3.857495079988918148e-08
6.969696969696969724e+00 2.700336578312097707e-08
7.171717171717171269e+00 1.874774338336650080e-08
7.373737373737373701e+00 1.291233897311341462e-08
7.575757575757576134e+00 8.824411958329796380e-09
7.777777777777777679e+00 5.985302251186613640e-09
7.979797979797980112e+00 4.029908903757244030e-09
8.181818181818181657e+00 2.694001536218298403e-09
8.383838383838384090e+00 1.788439217409798392e-09
8.585858585858584746e+00 1.179235360819302920e-09
8.787878787878788955e+00 7.724124242938338131e-10
8.989898989898989612e+00 5.026775242569542045e-10
9.191919191919190268e+00 3.250775099259996476e-10
9.393939393939394478e+00 2.089317268957419919e-10
9.595959595959595134e+00 1.334755874645510485e-10
9.797979797979799343e+00 8.476891177988062203e-11
1.000000000000000000e+01 5.352585118057549625e-11
1.020202020202020066e+01 3.360743374337515011e-11
1.040404040404040487e+01 2.098467960107799241e-11
1.060606060606060552e+01 1.303205657495345791e-11
1.080808080808080796e+01 8.050330010788170822e-12
1.101010101010101039e+01 4.947083234934638079e-12
1.121212121212121104e+01 3.024562437495291757e-12
1.141414141414141525e+01 1.839903690498994579e-12
1.161616161616161591e+01 1.113747414607757676e-12
1.181818181818181657e+01 6.709279127576944846e-13
1.202020202020202078e+01 4.022533220533385312e-13
1.222222222222222143e+01 2.400456583737167916e-13
1.242424242424242387e+01 1.425913226009961197e-13
1.262626262626262630e+01 8.432003836326009084e-14
1.282828282828282696e+01 4.964085793803006657e-14
1.303030303030303116e+01 2.909710814393536549e-14
1.323232323232323182e+01 1.698215212180960399e-14
1.343434343434343425e+01 9.869548990427448021e-15
1.363636363636363669e+01 5.712049923744724504e-15
1.383838383838383734e+01 3.292337504803262651e-15
1.404040404040404155e+01 1.889996957954477460e-15
1.424242424242424221e+01 1.080657833626686138e-15
1.444444444444444287e+01 6.154755999710947537e-16
1.464646464646464707e+01 3.491833071969458030e-16
1.484848484848484773e+01 1.973512494599265109e-16
1.505050505050505016e+01 1.111202397430004819e-16
1.525252525252525260e+01 6.233555299929649901e-17
1.545454545454545325e+01 3.484092569963357791e-17
1.565656565656565746e+01 1.940332039960053150e-17
1.585858585858585812e+01 1.076751888933598438e-17
1.606060606060606233e+01 5.954271362560889073e-18
1.626262626262626299e+01 3.281214752897256572e-18
1.646464646464646364e+01 1.801992154387738362e-18
1.666666666666666430e+01 9.862840746526255389e-19
1.686868686868686851e+01 5.380222592334469970e-19
1.707070707070707272e+01 2.925265792769653220e-19
1.727272727272727337e+01 1.585311554828202213e-19
1.747474747474747403e+01 8.563770978571079694e-20
1.767676767676767469e+01 4.611403389191089286e-20
1.787878787878787890e+01 2.475340645544544250e-20
1.808080808080807955e+01 1.324604987838638863e-20
1.828282828282828376e+01 7.066473902176899659e-21
1.848484848484848442e+01 3.758366700507726908e-21
1.868686868686868507e+01 1.992921926472601073e-21
1.888888888888888928e+01 1.053635897804939746e-21
1.909090909090908994e+01 5.554104615401820233e-22
1.929292929292929415e+01 2.919271961897047128e-22
1.949494949494949481e+01 1.529979267220898436e-22
1.969696969696969546e+01 7.995768754402540533e-23
1.989898989898989967e+01 4.166885051134798103e-23
