1.010101010101010083e-01 8.448405626322229968e-08
3.030303030303030387e-01 3.807897372425323295e-07
5.050505050505050830e-01 9.277179734644927553e-07
7.070707070707070718e-01 1.802485712162416819e-06
9.090909090909091717e-01 3.070787052431397199e-06
1.111111111111111160e+00 4.776911197452978627e-06
1.313131313131313149e+00 6.935765177303596026e-06
1.515151515151515138e+00 9.527952555225314185e-06
1.717171717171717127e+00 1.249857203917956756e-05
1.919191919191919116e+00 1.575984719242442826e-05
2.121212121212121104e+00 1.919717685173737582e-05
2.323232323232323537e+00 2.267778269658011155e-05
2.525252525252525082e+00 2.606087363258308633e-05
2.727272727272727515e+00 2.920816211913484389e-05
2.929292929292929060e+00 3.199364237650112350e-05
3.131313131313131493e+00 3.431174037111974894e-05
3.333333333333333037e+00 3.608322453980534848e-05
3.535353535353535470e+00 3.725857570454440854e-05
3.737373737373737015e+00 3.781881089927566789e-05
3.939393939393939448e+00 3.777400540273121501e-05
4.141414141414141881e+00 3.715993931065200641e-05
4.343434343434343425e+00 3.603340134772079661e-05
4.545454545454544970e+00 3.446671611763167035e-05
4.747474747474747403e+00 3.254203251421785464e-05
4.949494949494949836e+00 3.034583630421788529e-05
5.151515151515151381e+00 2.796404643520377097e-05
5.353535353535352925e+00 2.547793913135350773e-05
5.555555555555555358e+00 2.296103045717507737e-05
5.757575757575757791e+00 2.047694732471010300e-05
5.959595959595959336e+00 1.807823558923125462e-05
6.161616161616160880e+00 1.580599498860488992e-05
6.363636363636363313e+00 1.369019427646068154e-05
6.565656565656565746e+00 1.175050379170121821e-05
6.767676767676768179e+00 9.997483304270793038e-06
6.969696969696969724e+00 8.433976034036592823e-06
7.171717171717171269e+00 7.056580968864147155e-06
7.373737373737373701e+00 5.857101121020015753e-06
7.575757575757576134e+00 4.823891939065909511e-06
7.777777777777777679e+00 3.943059307773654774e-06
7.979797979797980112e+00 3.199478788985030447e-06
8.181818181818181657e+00 2.577626067147732188e-06
8.383838383838384090e+00 2.062222641515792452e-06
8.585858585858584746e+00 1.638710775559297225e-06
8.787878787878788955e+00 1.293577997256794456e-06
8.989898989898989612e+00 1.014554638871896943e-06
9.191919191919190268e+00 7.907086770551229284e-07
9.393939393939394478e+00 6.124611393774549498e-07
9.595959595959595134e+00 4.715431752239635866e-07
9.797979797979799343e+00 3.609130486675931592e-07
1.000000000000000000e+01 2.746481954856706442e-07
1.020202020202020066e+01 2.078243895063811016e-07
1.040404040404040487e+01 1.563911849100813878e-07
1.060606060606060552e+01 1.170502616806372023e-07
1.080808080808080796e+01 8.714115900450738687e-08
1.101010101010101039e+01 6.453714729092742325e-08
1.121212121212121104e+01 4.755264279102487297e-08
1.141414141414141525e+01 3.486256885437405657e-08
1.161616161616161591e+01 2.543336384937762386e-08
1.181818181818181657e+01 1.846487386809170449e-08
1.202020202020202078e+01 1.334209664770474072e-08
1.222222222222222143e+01 9.595614776452168079e-09
1.242424242424242387e+01 6.869530920729420603e-09
1.262626262626262630e+01 4.895762364558670757e-09
1.282828282828282696e+01 3.473640397465905862e-09
1.303030303030303116e+01 2.453872140584429516e-09
1.323232323232323182e+01 1.726043818304193330e-09
1.343434343434343425e+01 1.208965297648897477e-09
1.363636363636363669e+01 8.432695070741852597e-10
1.383838383838383734e+01 5.857833831337026955e-10
1.404040404040404155e+01 4.052775161594289391e-10
1.424242424242424221e+01 2.792792803806764167e-10
1.444444444444444287e+01 1.916994394200506260e-10
1.464646464646464707e+01 1.310760495310427559e-10
1.484848484848484773e+01 8.928324832131690188e-11
1.505050505050505016e+01 6.058761527319660569e-11
1.525252525252525260e+01 4.096259278777109495e-11
1.545454545454545325e+01 2.759323216159662142e-11
1.565656565656565746e+01 1.852040756032602400e-11
1.585858585858585812e+01 1.238659790961626315e-11
1.606060606060606233e+01 8.255193245410913381e-12
1.626262626262626299e+01 5.482716641525191688e-12
1.646464646464646364e+01 3.628915543063727164e-12
1.666666666666666430e+01 2.393806776866753208e-12
1.686868686868686851e+01 1.573804205541394015e-12
1.707070707070707272e+01 1.031286777844328287e-12
1.727272727272727337e+01 6.735854040876706487e-13
1.747474747474747403e+01 4.385380419068074351e-13
1.767676767676767469e+01 2.846032027290185840e-13
1.787878787878787890e+01 1.841222738565313026e-13
1.808080808080807955e+01 1.187470072361834291e-13
1.828282828282828376e+01 7.634915124198009681e-14
1.848484848484848442e+01 4.894022980955322598e-14
1.868686868686868507e+01 3.127683242247627797e-14
1.888888888888888928e+01 1.992915491537432862e-14
1.909090909090908994e+01 1.266130419269175917e-14
1.929292929292929415e+01 8.020569718971186677e-15
1.949494949494949481e+01 5.066204194597847584e-15
1.969696969696969546e+01 3.190979800901221985e-15
1.989898989898989967e+01 2.004205426959685417e-15
